 result time real space tlim rlim slim
002 1 4974.81 5000.05 337.0 311040000 5000 7000
004 10 466.29 470.05 182.0 311040000 5000 7000
1-ET-256-K-55.sanitized 1 4974.89 5000.05 211.0 311040000 5000 7000
1-ET-256-K-70.sanitized 20 61.76 62.31 125.0 311040000 5000 7000
1-ET-512-K-110.sanitized 1 4974.20 5000.05 1551.0 311040000 5000 7000
1-ET-512-K-96.sanitized 1 4969.76 5000.06 1996.0 311040000 5000 7000
1-TC-256-K-64.sanitized 20 1509.19 1518.36 173.0 311040000 5000 7000
1-TC-256-K-68.sanitized 20 118.12 119.22 140.0 311040000 5000 7000
1-TC-256-K-71.sanitized 20 51.97 52.34 111.0 311040000 5000 7000
1-ZC-1024-K-116.sanitized 1 4973.72 5000.09 3382.0 311040000 5000 7000
1-ZC-1024-K-117.sanitized 1 4970.55 5000.08 3017.0 311040000 5000 7000
1-ZC-512-K-60.sanitized 10 253.79 255.52 345.0 311040000 5000 7000
1-ZC-512-K-61.sanitized 10 132.28 133.21 267.0 311040000 5000 7000
1-ZC-512-K-63.sanitized 1 4971.68 5000.05 970.0 311040000 5000 7000
1-ZC-512-K-64.sanitized 1 4971.78 5000.05 849.0 311040000 5000 7000
1-ZC-512-K-65.sanitized 1 4972.42 5000.05 1000.0 311040000 5000 7000
1-ZC-512-K-67.sanitized 1 4972.77 5000.05 738.0 311040000 5000 7000
128_100.sanitized 2 4.66 4.80 7026.0 311040000 5000 7000
128_125.sanitized 2 1.68 1.75 7038.0 311040000 5000 7000
128_75.sanitized 2 8.05 8.28 7025.0 311040000 5000 7000
170058440 10 9.34 9.44 14.0 311040000 5000 7000
2dlx_ca_bp_f_liveness 1 4971.48 5000.05 1465.0 311040000 5000 7000
32_100.sanitized 10 252.07 253.82 6234.0 311040000 5000 7000
32_200.sanitized 2 10.42 10.74 7005.0 311040000 5000 7000
32_325.sanitized 2 5.75 5.92 7016.0 311040000 5000 7000
32_350.sanitized 2 4.86 5.00 7032.0 311040000 5000 7000
64_150.sanitized 2 8.04 8.28 7007.0 311040000 5000 7000
64_200.sanitized 2 4.76 4.89 7015.0 311040000 5000 7000
64_25.sanitized 10 27.61 27.90 2803.0 311040000 5000 7000
6g_6color_366_050_04 1 4971.57 5000.07 1465.0 311040000 5000 7000
6s130-opt 20 333.01 335.51 92.0 311040000 5000 7000
6s167-opt 20 22.44 22.69 22.0 311040000 5000 7000
Break_08_24.xml 10 0.10 0.20 7.0 311040000 5000 7000
Break_18_32.xml 1 4976.42 5000.05 832.0 311040000 5000 7000
Break_20_72.xml 10 721.64 726.37 427.0 311040000 5000 7000
Break_triple_20_36.xml 1 4976.34 5000.05 616.0 311040000 5000 7000
Break_unsat_04_03.xml 20 0.00 0.01 0.0 311040000 5000 7000
Break_unsat_06_07.xml 20 0.69 0.78 6.0 311040000 5000 7000
Break_unsat_14_23.xml 1 4973.04 5000.05 338.0 311040000 5000 7000
Break_unsat_16_27.xml 1 4972.25 5000.05 325.0 311040000 5000 7000
Break_unsat_18_31.xml 1 4974.21 5000.05 573.0 311040000 5000 7000
Circuit_multiplier22 10 98.13 98.99 45.0 311040000 5000 7000
DLTM_twitter774_83_17 10 553.43 557.25 90.0 311040000 5000 7000
Dodecahedron-k7 20 4748.97 4777.78 260.0 311040000 5000 7000
EDP3-11000 10 109.96 111.00 250.0 311040000 5000 7000
ER_400_20_4.apx_1_DC-AD 20 293.87 296.11 64.0 311040000 5000 7000
ER_400_20_4.apx_2_DC-AD 20 269.05 271.21 65.0 311040000 5000 7000
ER_400_20_4.apx_2_DC-ST 20 167.22 168.69 57.0 311040000 5000 7000
ER_400_20_7.apx_1_DC-AD 20 525.88 529.83 99.0 311040000 5000 7000
ER_400_20_7.apx_2_DC-AD 20 2070.96 2083.13 164.0 311040000 5000 7000
ER_400_20_7.apx_2_DC-ST 20 1215.50 1223.04 125.0 311040000 5000 7000
ER_500_30_3.apx_1_DC-ST 20 152.20 153.61 61.0 311040000 5000 7000
ER_500_30_3.apx_2_DC-AD 20 859.58 865.16 158.0 311040000 5000 7000
FmlaEquivChain_4_6_6.sanitized 20 21.41 21.70 111.0 311040000 5000 7000
FmlaEquivChain_4_8_8.sanitized 20 981.86 988.00 1096.0 311040000 5000 7000
FmlaImplyChain_3_7_7.sanitized 20 407.32 410.50 210.0 311040000 5000 7000
FmlaImplyChain_3_7_8.sanitized 1 4960.74 5000.05 936.0 311040000 5000 7000
Folkman-175-1251868.sanitized 10 208.00 209.93 133.0 311040000 5000 7000
Folkman-175-7416734.sanitized 10 570.07 574.89 168.0 311040000 5000 7000
Folkman-175-9054056.sanitized 1 4969.42 5000.05 276.0 311040000 5000 7000
Folkman-180-11710376.sanitized 10 1511.36 1522.46 204.0 311040000 5000 7000
Folkman-180-5383714.sanitized 10 304.20 306.84 156.0 311040000 5000 7000
Folkman-185-152478531.sanitized 1 4966.63 5000.05 306.0 311040000 5000 7000
Folkman-185-19924337.sanitized 1 4969.34 5000.05 294.0 311040000 5000 7000
Folkman-185-75415683.sanitized 1 4968.38 5000.05 307.0 311040000 5000 7000
Folkman-190-104806020.sanitized 1 4968.70 5000.05 296.0 311040000 5000 7000
Folkman-190-358004741.sanitized 1 4968.63 5000.05 265.0 311040000 5000 7000
Folkman-190-66337703.sanitized 1 4969.06 5000.05 324.0 311040000 5000 7000
GracefulGraph-K05-P02_c18 10 5.96 6.11 13.0 311040000 5000 7000
HCP-446-105 10 647.49 652.82 161.0 311040000 5000 7000
IBM_FV_2004_rule_batch_1_31_1_SAT_dat.k40.debugged 20 497.71 502.04 119.0 311040000 5000 7000
ITC2021_Early_10.xml 1 4967.43 5000.05 1194.0 311040000 5000 7000
ITC2021_Early_3.xml 10 0.20 0.25 26.0 311040000 5000 7000
ITC2021_Middle_1.xml 1 4969.35 5000.05 642.0 311040000 5000 7000
Kakuro-easy-097-ext.xml.hg_4 20 1478.75 1489.46 3254.0 311040000 5000 7000
MASG0_72_keystream76_0 10 601.92 606.45 16.0 311040000 5000 7000
Nb13T165 1 4972.26 5000.07 4027.0 311040000 5000 7000
Nb44T6 20 606.14 610.45 2354.0 311040000 5000 7000
Ptn-7824-b18 10 10.23 10.31 17.0 311040000 5000 7000
REGRandom-K3-L3-Seed25.sanitized 1 4973.66 5000.05 1916.0 311040000 5000 7000
REGRandom-K4-L1-Seed30.sanitized 1 4970.62 5000.05 2141.0 311040000 5000 7000
REGRandom-K4-L2-Seed35.sanitized 1 4973.67 5000.07 2167.0 311040000 5000 7000
REGRandom-K4-L3-Seed40.sanitized 1 4971.65 5000.10 3360.0 311040000 5000 7000
SGI_30_60_19_60_6-dir.shuffled-as.sat03-112 20 909.40 915.35 131.0 311040000 5000 7000
SGI_30_80_26_70_4-log.shuffled-as.sat03-208 1 4971.49 5000.05 200.0 311040000 5000 7000
Schur_161_5_d38 1 4970.35 5000.05 231.0 311040000 5000 7000
StConn_7_128.sanitized 20 1740.40 1750.55 279.0 311040000 5000 7000
StConn_8_32.sanitized 20 550.42 553.98 112.0 311040000 5000 7000
T105.2.0 20 331.22 333.46 2451.0 311040000 5000 7000
Timetable_C_392_E_62_Cl_26_S_28 10 23.06 23.31 402.0 311040000 5000 7000
VanDerWaerden_2-3-14_186 1 4977.57 5000.05 205.0 311040000 5000 7000
WS_500_16_70_10.apx_1_DC-ST 20 306.23 308.36 47.0 311040000 5000 7000
WS_500_16_70_10.apx_2_DC-AD 20 506.07 509.51 62.0 311040000 5000 7000
WS_500_16_90_70.apx_2_DC-AD 20 356.05 358.69 50.0 311040000 5000 7000
af-synthesis_stb_50_100_4_sat 10 430.20 433.10 93.0 311040000 5000 7000
af-synthesis_stb_50_100_9_sat 10 343.34 345.71 91.0 311040000 5000 7000
af-synthesis_stb_50_100_9_unsat 20 526.88 530.49 100.0 311040000 5000 7000
af-synthesis_stb_50_120_4_sat 10 109.34 110.29 95.0 311040000 5000 7000
af-synthesis_stb_50_140_0_unsat 20 551.73 555.45 127.0 311040000 5000 7000
af-synthesis_stb_50_140_1_unsat 20 1161.09 1168.29 137.0 311040000 5000 7000
af-synthesis_stb_50_140_3_unsat 20 182.02 183.42 97.0 311040000 5000 7000
af-synthesis_stb_50_200_0_sat 10 362.62 365.13 136.0 311040000 5000 7000
af-synthesis_stb_50_200_0_unsat 20 517.44 520.98 148.0 311040000 5000 7000
af-synthesis_stb_50_200_4_unsat 20 336.07 338.47 155.0 311040000 5000 7000
af-synthesis_stb_50_40_2_unsat 20 333.15 335.32 59.0 311040000 5000 7000
af-synthesis_stb_50_40_9_sat 10 414.33 417.26 64.0 311040000 5000 7000
af-synthesis_stb_50_40_9_unsat 20 1213.55 1220.73 96.0 311040000 5000 7000
apn-sbox5-cut3-symmbreak 1 4972.57 5000.05 211.0 311040000 5000 7000
asconhashv12_opt64_H11_M2-MxJOnbQIXNd_m5_6.c 10 274.46 276.38 124.0 311040000 5000 7000
asconhashv12_opt64_H11_M2-fCHjS2L0du5_m2_4.c 10 60.94 61.51 109.0 311040000 5000 7000
asconhashv12_opt64_H11_M2-tBi5i1RIgRz_m0_1_U23.c 20 485.47 488.46 124.0 311040000 5000 7000
asconhashv12_opt64_H5_M2-xEJ8F_m0_3_U5.c 20 178.68 179.92 101.0 311040000 5000 7000
asconhashv12_opt64_H6_M2-PgbpwX_m0_4_U1.c 20 158.78 160.07 86.0 311040000 5000 7000
asconhashv12_opt64_H9_M2-MIC4kfhiA_m0_6_U2.c 20 504.83 508.22 112.0 311040000 5000 7000
atco_enc1_opt1_10_15 10 66.95 67.57 79.0 311040000 5000 7000
barman-pfile06-022.sas.ex.7 20 1.89 1.93 151.0 311040000 5000 7000
battleship-14-26-sat 10 308.01 310.23 113.0 311040000 5000 7000
bmc_QICE_snp_vld_30 20 341.13 343.48 4434.0 311040000 5000 7000
bphp_p23_h22.sanitized 1 4976.40 5000.05 218.0 311040000 5000 7000
bvsub_19952.smt2 20 1502.42 1512.08 3326.0 311040000 5000 7000
circuit_32in32out_with_100gates_7in7out_dist64_seed2.sanitized 10 291.45 293.67 467.0 311040000 5000 7000
circuit_32in32out_with_350gates_6in6out_dist64_seed1.sanitized 10 796.03 801.31 387.0 311040000 5000 7000
circuit_32in32out_with_400gates_6in6out_dist64_seed1.sanitized 10 434.39 437.61 418.0 311040000 5000 7000
circuit_32in32out_with_500gates_6in6out_dist64_seed1.sanitized 10 522.09 525.87 549.0 311040000 5000 7000
circuit_32in32out_with_64gates_8in6out_dist128_seed2.sanitized 10 2368.11 2382.09 308.0 311040000 5000 7000
circuit_32in32out_with_70gates_7in7out_dist128_seed1.sanitized 10 1185.65 1193.41 328.0 311040000 5000 7000
circuit_32in32out_with_80gates_7in7out_dist128_seed1.sanitized 10 296.12 298.38 372.0 311040000 5000 7000
circuit_32in32out_with_96gates_7in7out_dist128_seed1.sanitized 10 2332.43 2346.09 480.0 311040000 5000 7000
circuit_32in64out_with_150gates_6in6out_dist256_seed1.sanitized 1 4973.17 5000.05 167.0 311040000 5000 7000
circuit_48in24out_with_100gates_7in7out_dist128_seed1.sanitized 10 327.41 329.92 505.0 311040000 5000 7000
circuit_48in64out_with_1000gates_4in4out_dist128_seed4.sanitized 10 66.69 67.30 64.0 311040000 5000 7000
circuit_48in64out_with_700gates_4in4out_dist128_seed1.sanitized 10 12.22 12.41 45.0 311040000 5000 7000
circuit_48in64out_with_800gates_4in4out_dist128_seed1.sanitized 10 22.46 22.66 51.0 311040000 5000 7000
circuit_48in64out_with_800gates_4in4out_dist128_seed4.sanitized 10 17.29 17.43 45.0 311040000 5000 7000
circuit_64in64out_with_64gates_8in5out_dist256_seed1.sanitized 10 28.30 28.53 148.0 311040000 5000 7000
clique_n2_k10.sanitized 20 414.06 417.07 126.0 311040000 5000 7000
cliquecolouring_n13_k8_c7.sanitized 1 4969.64 5000.05 274.0 311040000 5000 7000
cliquecolouring_n13_k9_c8.sanitized 1 4971.12 5000.05 352.0 311040000 5000 7000
cliquecolouring_n15_k9_c8.sanitized 1 4971.21 5000.05 344.0 311040000 5000 7000
cliquecolouring_n21_k6_c5.sanitized 1 4974.35 5000.05 242.0 311040000 5000 7000
cliquecolouring_n31_k5_c4.sanitized 20 4738.76 4764.45 341.0 311040000 5000 7000
cliquecolouring_n41_k5_c4.sanitized 1 4971.51 5000.05 455.0 311040000 5000 7000
combined-crypto1-wff-seed-1-wffvars-450-cryptocplx-40-overlap-2 10 10.12 10.26 17.0 311040000 5000 7000
combined-crypto1-wff-seed-102-wffvars-500-cryptocplx-31-overlap-2 10 51.26 51.77 30.0 311040000 5000 7000
constraints_16_0.3_1.sanitized 20 106.39 107.29 44.0 311040000 5000 7000
constraints_16_0.4_1.sanitized 20 65.85 66.49 52.0 311040000 5000 7000
constraints_16_0.5_1.sanitized 20 65.28 65.90 57.0 311040000 5000 7000
constraints_17_0.3_2.sanitized 20 29.97 30.28 72.0 311040000 5000 7000
constraints_17_0.4_1.sanitized 10 2.97 3.05 95.0 311040000 5000 7000
constraints_17_0.4_2.sanitized 20 40.57 41.01 102.0 311040000 5000 7000
constraints_17_0.5_2.sanitized 20 46.03 46.49 157.0 311040000 5000 7000
constraints_18_0.3_2.sanitized 20 225.94 227.84 134.0 311040000 5000 7000
constraints_18_0.4_2.sanitized 20 302.59 304.96 220.0 311040000 5000 7000
constraints_18_0.5_2.sanitized 20 397.74 400.63 312.0 311040000 5000 7000
constraints_25_4_5_12_12_0_0_0.sanitized 20 264.69 266.79 47.0 311040000 5000 7000
crafted_n12_d6_c4_num23 20 102.69 103.69 2463.0 311040000 5000 7000
crn_11_99_u 20 0.79 0.86 8.0 311040000 5000 7000
ctl_4201_555_unsat_pre 20 1100.87 1108.09 99.0 311040000 5000 7000
ctl_4291_567_2_unsat-sc2013 20 1095.83 1103.74 116.0 311040000 5000 7000
ctl_4291_567_9_unsat 20 398.03 400.81 82.0 311040000 5000 7000
ecarev-110-4099-22-30-7 10 231.66 233.60 288.0 311040000 5000 7000
ex065_25 10 4964.39 4991.61 400.0 311040000 5000 7000
exam_flat_0.04_2018_3 10 1872.25 1883.62 668.0 311040000 5000 7000
f9idw 20 72.98 73.69 435.0 311040000 5000 7000
fermat-931960058139995587 1 4972.75 5000.05 211.0 311040000 5000 7000
fixedbandwidth-eq-31_shuffled 20 2679.89 2695.62 174.0 311040000 5000 7000
frb45-21-2.used-as.sat04-884 10 52.39 52.88 40.0 311040000 5000 7000
frb65-12-2.used-as.sat04-874 10 41.60 41.92 30.0 311040000 5000 7000
g2-T93.2.1 20 496.63 501.04 2670.0 311040000 5000 7000
g2-ak128boothbg2msaig 10 0.59 0.68 283.0 311040000 5000 7000
g2-ak128boothbg2msisc 10 0.39 0.48 192.0 311040000 5000 7000
g2-hwmcc15deep-6s161-k17 20 1239.64 1249.47 128.0 311040000 5000 7000
g2-hwmcc15deep-bob12s02-k16 1 4966.67 5000.05 700.0 311040000 5000 7000
g2-slp-synthesis-aes-top30 10 20.26 20.44 86.0 311040000 5000 7000
g2-test_v5_r10_vr10_c1_s21502.smt2-cvc4 20 386.82 390.18 329.0 311040000 5000 7000
goldcrest-and-9 20 250.45 252.73 319.0 311040000 5000 7000
grs-64-128 20 1114.44 1123.20 268.0 311040000 5000 7000
grs-64-64 20 212.29 214.39 112.0 311040000 5000 7000
hcp_CP18_18 10 272.59 275.17 137.0 311040000 5000 7000
hwb-n24-02-S786928571.shuffled-as.sat03-1618 20 364.18 367.67 50.0 311040000 5000 7000
hwmcc12miters-xits-iso-6s111.sanitized 1 4966.68 5000.05 615.0 311040000 5000 7000
hwmcc17miters-xits-iso-6s281b35.sanitized 1 4969.45 5000.06 2644.0 311040000 5000 7000
hwmcc17miters-xits-iso-bobsmfpu.sanitized 1 4969.31 5000.05 256.0 311040000 5000 7000
hwmcc17miters-xits-iso-oski15a08b00s.sanitized 20 3553.13 3577.09 1430.0 311040000 5000 7000
hwmcc17miters-xits-iso-oski15a08b08s.sanitized 20 3581.91 3604.60 2450.0 311040000 5000 7000
hwmcc20miters-iso-mul2.sanitized 1 4968.39 5000.05 346.0 311040000 5000 7000
hwmcc20miters-iso-mul3.sanitized 1 4967.10 5000.05 599.0 311040000 5000 7000
hwmcc20miters-iso-mul7.sanitized 1 4969.34 5000.05 627.0 311040000 5000 7000
hwmcc20miters-iso-rast-p06.sanitized 1 4968.31 5000.05 397.0 311040000 5000 7000
hwmcc20miters-iso-rast-p11.sanitized 1 4967.40 5000.05 360.0 311040000 5000 7000
j3037_10_mdd_b 10 82.71 83.56 34.0 311040000 5000 7000
j3037_10_mdd_bm1 20 30.29 30.61 23.0 311040000 5000 7000
j3037_10_rggt_b 10 73.67 74.42 34.0 311040000 5000 7000
j3037_1_gmto_b 10 21.18 21.51 30.0 311040000 5000 7000
j3037_1_mdd_b 10 104.42 105.60 43.0 311040000 5000 7000
j3037_9_mdd_bm1 1 4969.98 5000.05 152.0 311040000 5000 7000
j3037_9_rggt_b 10 590.53 596.47 78.0 311040000 5000 7000
j3045_10_gmto_b 10 461.34 465.61 79.0 311040000 5000 7000
j3045_10_rggt_b 10 26.62 27.00 25.0 311040000 5000 7000
j3045_4_gmto_b 10 387.11 390.56 76.0 311040000 5000 7000
j3045_4_mdd_bm1 20 479.49 483.71 57.0 311040000 5000 7000
jgiraldezlevy.2200.9086.08.40.41 10 90.64 91.73 30.0 311040000 5000 7000
lec_mult_CvD_11x11.sanitized 20 888.93 895.85 53.0 311040000 5000 7000
lec_mult_CvK_11x10.sanitized 20 567.38 572.57 42.0 311040000 5000 7000
lec_mult_CvK_11x11.sanitized 20 1572.67 1583.93 68.0 311040000 5000 7000
lec_mult_CvK_12x11.sanitized 20 4086.08 4111.76 99.0 311040000 5000 7000
lec_mult_CvK_12x12.sanitized 1 4967.19 5000.05 127.0 311040000 5000 7000
lec_mult_CvW_12x11.sanitized 20 1915.06 1928.94 109.0 311040000 5000 7000
lec_mult_CvW_12x12.sanitized 1 4966.25 5000.05 156.0 311040000 5000 7000
lec_mult_DvK_11x10.sanitized 20 623.44 629.03 45.0 311040000 5000 7000
lec_mult_DvK_12x12.sanitized 1 4968.33 5000.05 149.0 311040000 5000 7000
lec_mult_DvW_11x10.sanitized 20 385.95 388.75 45.0 311040000 5000 7000
lec_mult_DvW_12x11.sanitized 20 2929.64 2949.19 133.0 311040000 5000 7000
lec_mult_DvW_12x12.sanitized 1 4973.56 5000.05 161.0 311040000 5000 7000
lec_mult_KvW_10x10.sanitized 20 305.34 307.65 34.0 311040000 5000 7000
lec_mult_KvW_11x10.sanitized 20 795.82 800.91 58.0 311040000 5000 7000
lec_mult_KvW_12x11.sanitized 20 4882.42 4908.90 114.0 311040000 5000 7000
linked_list_swap_contents_safety_unwind45 20 158.40 159.75 3994.0 311040000 5000 7000
linked_list_swap_contents_safety_unwind54 20 390.85 393.62 5596.0 311040000 5000 7000
linked_list_swap_contents_safety_unwind57 20 234.28 236.34 6102.0 311040000 5000 7000
linked_list_swap_contents_safety_unwind62 2 174.74 176.43 7037.0 311040000 5000 7000
linked_list_swap_contents_safety_unwind63 2 209.52 211.44 7220.0 311040000 5000 7000
linked_list_swap_contents_safety_unwind65 2 245.01 247.16 7002.0 311040000 5000 7000
linked_list_swap_contents_safety_unwind68 2 161.96 163.61 7094.0 311040000 5000 7000
linked_list_swap_contents_safety_unwind69 2 243.72 246.09 7107.0 311040000 5000 7000
linked_list_swap_contents_safety_unwind70 2 207.68 209.60 7055.0 311040000 5000 7000
linked_list_swap_contents_safety_unwind73 2 95.71 96.97 7198.0 311040000 5000 7000
linked_list_swap_contents_safety_unwind76 2 49.18 49.90 7039.0 311040000 5000 7000
linked_list_swap_contents_safety_unwind78 2 89.40 90.48 7064.0 311040000 5000 7000
linked_list_swap_contents_safety_unwind80 2 69.37 70.33 7217.0 311040000 5000 7000
lru_10.sanitized 2 2.18 2.29 7081.0 311040000 5000 7000
lru_6.sanitized 2 8.33 8.59 7029.0 311040000 5000 7000
lru_7.sanitized 2 6.64 6.85 7004.0 311040000 5000 7000
lru_8.sanitized 2 5.36 5.52 7018.0 311040000 5000 7000
lru_9.sanitized 2 3.67 3.77 7004.0 311040000 5000 7000
manol-pipe-g10bid_i 20 104.10 105.04 222.0 311040000 5000 7000
marg5x5.shuffled-as.sat03-1455 1 4973.14 5000.05 172.0 311040000 5000 7000
mchess_15 20 82.14 82.99 31.0 311040000 5000 7000
mchess_16 20 152.58 153.95 47.0 311040000 5000 7000
mchess_17 1 4973.55 5000.05 160.0 311040000 5000 7000
md5_48_1 10 101.05 102.03 111.0 311040000 5000 7000
mdp-28-10-unsat 20 865.40 870.84 58.0 311040000 5000 7000
mdp-28-11-sat 10 116.67 117.75 33.0 311040000 5000 7000
mdp-28-14-sat 10 92.45 93.38 29.0 311040000 5000 7000
mdp-28-14-unsat 20 1257.04 1264.47 60.0 311040000 5000 7000
mdp-28-16-unsat 20 823.58 828.75 57.0 311040000 5000 7000
mdp-32-10-sat 10 515.23 518.58 50.0 311040000 5000 7000
mdp-32-10-unsat 1 4972.99 5000.05 177.0 311040000 5000 7000
mdp-32-11-sat 1 4972.97 5000.05 140.0 311040000 5000 7000
mdp-32-11-unsat 1 4973.26 5000.05 131.0 311040000 5000 7000
mdp-32-12-unsat 1 4972.54 5000.05 168.0 311040000 5000 7000
mdp-32-14-sat 1 4972.46 5000.05 158.0 311040000 5000 7000
mdp-32-14-unsat 1 4974.28 5000.05 152.0 311040000 5000 7000
mdp-32-16-sat 10 442.33 445.47 52.0 311040000 5000 7000
mdp-36-10-sat 1 4971.79 5000.05 160.0 311040000 5000 7000
mdp-36-10-unsat 1 4972.31 5000.05 144.0 311040000 5000 7000
mdp-36-12-unsat 1 4972.35 5000.05 163.0 311040000 5000 7000
mdp-36-14-sat 1 4973.33 5000.05 147.0 311040000 5000 7000
mp1-Nb5T15 10 7.12 7.25 26.0 311040000 5000 7000
mp1-Nb7T42 10 18.69 19.00 132.0 311040000 5000 7000
mp1-blockpuzzle_5x10_s7_free4 20 722.98 727.56 157.0 311040000 5000 7000
mp1-klieber2017s-0500-023-t12 10 92.50 93.41 31.0 311040000 5000 7000
mp1-ps_5000_21250_3_0_0.8_0_1.50_6 20 34.95 35.39 19.0 311040000 5000 7000
mrpp_4x4#12_12 20 9.29 9.44 16.0 311040000 5000 7000
mulhs016-sc2009 1 4966.76 5000.05 206.0 311040000 5000 7000
noL-11-0.sanitized 1 4974.02 5000.05 221.0 311040000 5000 7000
noL-11-10.sanitized 10 1703.67 1713.43 173.0 311040000 5000 7000
noL-11-12.sanitized 10 160.76 162.19 55.0 311040000 5000 7000
noL-11-14.sanitized 10 38.69 39.17 28.0 311040000 5000 7000
noL-11-16.sanitized 10 40.99 41.49 28.0 311040000 5000 7000
noL-11-18.sanitized 10 190.79 192.36 58.0 311040000 5000 7000
noL-11-2.sanitized 10 972.43 980.13 158.0 311040000 5000 7000
noL-11-20.sanitized 10 149.14 150.50 64.0 311040000 5000 7000
noL-11-4.sanitized 1 4969.31 5000.05 207.0 311040000 5000 7000
noL-11-6.sanitized 10 1237.60 1245.20 135.0 311040000 5000 7000
noL-11-8.sanitized 1 4970.56 5000.05 191.0 311040000 5000 7000
oisc-subrv-sll-nested-11 20 919.85 925.88 6396.0 311040000 5000 7000
oisc-subrv-sll-nested-13 2 70.30 71.06 7367.0 311040000 5000 7000
openstacks-sequencedstrips-nonadl-nonnegated-os-sequencedstrips-p30_3.025-NOTKNOWN 20 3257.34 3275.15 270.0 311040000 5000 7000
or_randxor_k3_n510_m510.sanitized 1 4972.29 5000.05 213.0 311040000 5000 7000
pb_300_05_lb_17 10 37.24 37.56 163.0 311040000 5000 7000
pb_300_09_lb_07 10 17.20 17.39 164.0 311040000 5000 7000
pcmax-scheduling-m11-1517-6802-UNSAT.sanitized 20 58.48 58.92 27.0 311040000 5000 7000
pcmax-scheduling-m12-8049-55035-SAT.sanitized 10 1434.06 1442.97 176.0 311040000 5000 7000
pcmax-scheduling-m13-1655-9604-UNSAT.sanitized 20 357.44 360.00 52.0 311040000 5000 7000
pcmax-scheduling-m13-2011-12813-UNSAT.sanitized 20 133.28 134.28 40.0 311040000 5000 7000
pcmax-scheduling-m15-2352-13561-SAT.sanitized 10 120.85 121.76 42.0 311040000 5000 7000
pcmax-scheduling-m19-10199-62102-UNSAT.sanitized 1 4972.02 5000.05 273.0 311040000 5000 7000
pcmax-scheduling-m19-2974-16501-UNSAT.sanitized 20 133.13 134.17 39.0 311040000 5000 7000
pcmax-scheduling-m24-17855-226744-SAT.sanitized 10 3462.01 3483.28 345.0 311040000 5000 7000
pcmax-scheduling-m24-24102-255206-SAT.sanitized 1 4970.10 5000.05 328.0 311040000 5000 7000
pcmax-scheduling-m26-6398-62377-UNSAT.sanitized 20 298.18 300.21 75.0 311040000 5000 7000
pcmax-scheduling-m30-14113-167638-UNSAT.sanitized 1 4971.34 5000.05 282.0 311040000 5000 7000
pcmax-scheduling-m35-32274-371389-SAT.sanitized 10 3176.01 3194.35 371.0 311040000 5000 7000
pcmax-scheduling-m37-28831-324346-SAT.sanitized 1 4970.38 5000.05 326.0 311040000 5000 7000
pcmax-scheduling-m40-26287-324155-SAT.sanitized 1 4971.85 5000.05 371.0 311040000 5000 7000
pcmax-scheduling-m43-38782-385402-SAT.sanitized 1 4972.54 5000.05 382.0 311040000 5000 7000
post-cbmc-aes-ee-r3-noholes 20 236.47 238.28 472.0 311040000 5000 7000
preimage_80r_495m_160h_seed_379 10 326.48 328.67 55.0 311040000 5000 7000
qwh.50.1250.shuffled-as.sat03-1655 10 33.05 33.35 133.0 311040000 5000 7000
qwh.60.1728.shuffled-as.sat03-1659 10 80.70 81.34 203.0 311040000 5000 7000
rbsat-v1150c84314gyes1 1 4970.65 5000.05 325.0 311040000 5000 7000
rbsat-v760c43649gyes3 10 3065.28 3091.45 237.0 311040000 5000 7000
rbsat-v760c43649gyes7 10 898.11 903.63 156.0 311040000 5000 7000
rbsat-v760c43649gyes9 10 16.77 16.93 23.0 311040000 5000 7000
rbsat-v945c61409gyes9-sc2009 10 105.04 105.84 56.0 311040000 5000 7000
rook-42-0-1 20 772.12 777.23 168.0 311040000 5000 7000
rook-56-0-0 20 2928.08 2944.62 316.0 311040000 5000 7000
rook-56-1-1 20 963.81 970.17 248.0 311040000 5000 7000
rphp_p8_r160.sanitized 1 4969.99 5000.05 507.0 311040000 5000 7000
rphp_p8_r170.sanitized 1 4970.03 5000.05 601.0 311040000 5000 7000
sgen1-sat-180-100 1 4970.55 5000.05 143.0 311040000 5000 7000
sgen1-unsat-121-100 1 4971.27 5000.05 178.0 311040000 5000 7000
shuffling-2-s25242449-of-bench-sat04-727.used-as.sat04-753 10 7.31 7.49 878.0 311040000 5000 7000
si2-b03m-m800-03 10 2.28 2.32 160.0 311040000 5000 7000
simon-r16-1.sanitized 10 0.00 0.01 0.0 311040000 5000 7000
simon-r17-0.sanitized 10 0.00 0.02 0.0 311040000 5000 7000
simon-r18-0.sanitized 10 0.00 0.01 0.0 311040000 5000 7000
simon-r19-1.sanitized 10 0.00 0.01 0.0 311040000 5000 7000
simon-r20-0.sanitized 10 0.00 0.01 0.0 311040000 5000 7000
simon-r21-0.sanitized 10 0.00 0.01 0.0 311040000 5000 7000
simon-r22-1.sanitized 10 0.00 0.01 0.0 311040000 5000 7000
simon-r23-1.sanitized 10 0.00 0.01 0.0 311040000 5000 7000
simon-r24-1.sanitized 10 0.00 0.01 0.0 311040000 5000 7000
simon-r25-0.sanitized 10 0.00 0.01 0.0 311040000 5000 7000
sokoban-p16.sas.ex.15-sc2016 20 932.37 938.62 1495.0 311040000 5000 7000
sokoban-p20.sas.cr.25 20 948.89 954.89 315.0 311040000 5000 7000
sokoban-p20.sas.cr.33 1 4970.21 5000.05 774.0 311040000 5000 7000
spg_200_316 20 100.59 101.44 441.0 311040000 5000 7000
srhd-sgi-m37-q446.25-n35-p30-s33692332 10 0.00 0.04 0.0 311040000 5000 7000
stable-300-0.1-20-98765432130020 10 8.16 8.24 16.0 311040000 5000 7000
stb_418_125.apx_1_DC-AD 20 1397.06 1405.61 105.0 311040000 5000 7000
stb_418_125.apx_1_DC-ST 20 530.74 533.75 66.0 311040000 5000 7000
stb_418_125.apx_2_DC-AD 20 1124.56 1131.54 116.0 311040000 5000 7000
stb_495_168.apx_1_DC-AD 20 245.09 246.73 50.0 311040000 5000 7000
stb_495_168.apx_2_DC-AD 20 151.74 152.99 42.0 311040000 5000 7000
stb_531_83.apx_1_DC-ST 20 249.09 250.85 45.0 311040000 5000 7000
stb_531_83.apx_2_DC-ST 20 210.87 212.27 52.0 311040000 5000 7000
stb_588_138.apx_1_DC-AD 20 591.13 595.08 52.0 311040000 5000 7000
stb_588_138.apx_1_DC-ST 20 184.23 185.53 35.0 311040000 5000 7000
sted5_0x1e3-20 10 486.04 489.14 130.0 311040000 5000 7000
sted5_0x24204-50 10 15.21 15.39 22.0 311040000 5000 7000
string_compare_safety_cbmc_unwinding_900 20 695.45 699.68 3973.0 311040000 5000 7000
summle_X11112_steps6_I1-2-2-4-4-8-25-100 10 58.43 58.89 48.0 311040000 5000 7000
summle_X4044_steps7_I1-2-2-4-4-8-25-100 10 5.66 5.72 55.0 311040000 5000 7000
summle_X4053_steps8_I1-2-2-4-4-8-25-100 10 5.87 5.92 62.0 311040000 5000 7000
test_v7_r17_vr5_c1_s25451.smt2-cvc4 20 4619.69 4642.98 791.0 311040000 5000 7000
tseitin_d3_n158.sanitized 1 4972.92 5000.05 177.0 311040000 5000 7000
tseitin_d3_n162.sanitized 1 4974.18 5000.05 229.0 311040000 5000 7000
tseitin_d3_n174.sanitized 1 4977.41 5000.05 239.0 311040000 5000 7000
tseitin_grid_n11_m20.sanitized 20 1360.70 1367.42 127.0 311040000 5000 7000
tseitingrid6x200_shuffled 1 4972.92 5000.05 300.0 311040000 5000 7000
two-trees-1023v.sanitized 1 4973.94 5000.05 221.0 311040000 5000 7000
two-trees-511v.sanitized 1 4973.41 5000.05 160.0 311040000 5000 7000
urq45 20 311.79 313.94 43.0 311040000 5000 7000
urqh1c5x5.shuffled-as.sat03-1468.cnf.mis-103.debugged 1 4975.45 5000.05 181.0 311040000 5000 7000
worker_20_40_20_0.95 10 0.10 0.13 6.0 311040000 5000 7000
worker_30_60_25_0.9 1 4977.01 5000.05 397.0 311040000 5000 7000
worker_40_80_40_0.9 1 4974.27 5000.05 1736.0 311040000 5000 7000
worker_550_550_550_0.3 10 15.20 15.36 1773.0 311040000 5000 7000
x9-08014.sat.sanitized 20 33.86 34.12 19.0 311040000 5000 7000
x9-08075.sat.sanitized 20 33.05 33.34 20.0 311040000 5000 7000
x9-09004.sat.sanitized 20 102.40 103.15 26.0 311040000 5000 7000
x9-09007.sat.sanitized 20 63.93 64.45 25.0 311040000 5000 7000
x9-09014.sat.sanitized 20 85.69 86.39 29.0 311040000 5000 7000
x9-09024.sat.sanitized 20 41.52 41.85 24.0 311040000 5000 7000
x9-09047.sat.sanitized 20 61.07 61.58 26.0 311040000 5000 7000
x9-09051.sat.sanitized 20 92.30 93.06 29.0 311040000 5000 7000
x9-09054.sat.sanitized 10 13.21 13.32 15.0 311040000 5000 7000
x9-09057.sat.sanitized 20 59.00 59.46 21.0 311040000 5000 7000
x9-09076.sat.sanitized 20 49.90 50.40 21.0 311040000 5000 7000
x9-09098.sat.sanitized 20 136.53 137.60 29.0 311040000 5000 7000
x9-10002.sat.sanitized 20 600.51 604.56 55.0 311040000 5000 7000
x9-10007.sat.sanitized 20 400.09 402.52 53.0 311040000 5000 7000
x9-10014.sat.sanitized 10 213.35 214.95 49.0 311040000 5000 7000
x9-10027.sat.sanitized 10 63.22 63.81 30.0 311040000 5000 7000
x9-10031.sat.sanitized 20 1063.70 1070.03 64.0 311040000 5000 7000
x9-10038.sat.sanitized 10 227.74 229.21 44.0 311040000 5000 7000
x9-10051.sat.sanitized 20 331.81 333.87 44.0 311040000 5000 7000
x9-10076.sat.sanitized 20 280.38 282.56 49.0 311040000 5000 7000
x9-10083.sat.sanitized 20 267.95 269.77 40.0 311040000 5000 7000
x9-10084.sat.sanitized 20 253.33 255.23 40.0 311040000 5000 7000
x9-10093.sat.sanitized 20 353.73 355.87 62.0 311040000 5000 7000
x9-10096.sat.sanitized 20 252.69 254.25 55.0 311040000 5000 7000
x9-10098.sat.sanitized 10 41.33 41.69 24.0 311040000 5000 7000
x9-11034.sat.sanitized 10 147.85 148.70 35.0 311040000 5000 7000
x9-11053.sat.sanitized 10 1721.64 1729.51 128.0 311040000 5000 7000
x9-11062.sat.sanitized 10 254.91 256.26 53.0 311040000 5000 7000
x9-11077.sat.sanitized 10 930.22 935.18 86.0 311040000 5000 7000
x9-11088.sat.sanitized 10 133.30 134.04 34.0 311040000 5000 7000
x9-11093.sat.sanitized 10 5.17 5.28 11.0 311040000 5000 7000
x9-11094.sat.sanitized 10 284.53 285.95 57.0 311040000 5000 7000
x9-12001.sat.sanitized 10 1663.41 1670.93 110.0 311040000 5000 7000
x9-12014.sat.sanitized 10 295.27 296.77 60.0 311040000 5000 7000
x9-12021.sat.sanitized 10 1251.49 1256.99 113.0 311040000 5000 7000
x9-12035.sat.sanitized 10 361.05 363.09 66.0 311040000 5000 7000
x9-12063.sat.sanitized 10 1654.17 1661.37 120.0 311040000 5000 7000
x9-12087.sat.sanitized 10 1526.65 1535.03 125.0 311040000 5000 7000
x9-12092.sat.sanitized 10 274.21 275.60 56.0 311040000 5000 7000
x9-12098.sat.sanitized 10 41.97 42.29 24.0 311040000 5000 7000
